Similitudes para el query: 01
16 0.117878616
259 0.06866772
209 0.06450089
254 0.054964073
85 0.05073061
186 0.044833064
170 0.0357666
8 0.031288914
154 0.02890539
163 0.0270931

Similitudes para el query: 02
147 0.097113155
149 0.07470833
283 0.06741039
134 0.042826153
23 0.040832825
2 0.040203176
293 0.03531804
187 0.030966112
14 0.026369194
282 0.026289472

Similitudes para el query: 03
283 0.042712476
152 0.03775817

Similitudes para el query: 04
270 0.115988426
275 0.09056464
310 0.08347541
19 0.075844765
10 0.06291534
49 0.052979004
100 0.028524455
60 0.020139292
130 0.020101486
199 0.017678142

Similitudes para el query: 06
297 0.4867814
329 0.34565362
26 0.19841537
29 0.15168169
257 0.092800155
25 0.08527435
233 0.07823187
166 0.03231107
154 0.030023122
23 0.02583099

Similitudes para el query: 07
146 0.14704464
289 0.13612142
4 0.06770228
266 0.05606995
34 0.054304972
123 0.040970355
98 0.038051438
284 0.03732198
42 0.035768084
234 0.035654083

Similitudes para el query: 08
251 0.13296723
292 0.13064468
110 0.11359442
106 0.09893026
107 0.098751314
180 0.073834516
108 0.06805136
235 0.06262758
5 0.059545975
117 0.05098969

Similitudes para el query: 09
199 0.13497037
198 0.09296535
217 0.09235875
223 0.076760836
85 0.04209069
177 0.03596817
330 0.034399077
299 0.033352796
52 0.03211921
69 0.026500296

Similitudes para el query: 10
60 0.04109606
231 0.035411004
100 0.035170272
34 0.023756448
52 0.022670366
36 0.022115272
31 0.016619181
72 0.016040003
91 0.013260008
314 0.012662022

Similitudes para el query: 12
277 0.2574868
258 0.24815595
239 0.088556826
250 0.061449923
56 0.054632485
132 0.03424269
78 0.033393152
81 0.032749783
12 0.02983363
96 0.02920129

Similitudes para el query: 13
272 0.07619761
49 0.057876933
56 0.039430484
276 0.038140893
258 0.037709996
241 0.0336084
239 0.031671334
277 0.02972937
43 0.027777743
317 0.02567335

Similitudes para el query: 14
145 0.15130351
2 0.077457234
91 0.07349889
121 0.069520324
81 0.06854204
122 0.06386111
180 0.061599046
30 0.061410397
117 0.060238093
133 0.055604048

Similitudes para el query: 16
132 0.08862138
184 0.086887404
250 0.086163536
176 0.06036978
277 0.05992883
239 0.050521556
81 0.045890357
95 0.0356337
78 0.034303825
34 0.032097735

Similitudes para el query: 17
271 0.12026906
172 0.10360613
146 0.085547715
91 0.05833277
121 0.036068156
24 0.0337098
183 0.030053759
171 0.027983144
274 0.022245485
316 0.015380232

Similitudes para el query: 18
192 0.3255054
194 0.30715257
201 0.2486613
230 0.18776083
111 0.14354463
207 0.13942374
210 0.12697408
216 0.08218634
222 0.0696823
223 0.067678034

Similitudes para el query: 19
179 0.14435223
323 0.06548771
4 0.0475644
273 0.037950646
102 0.036840044
21 0.033500977
1 0.027599312
330 0.027229914
56 0.02653493
320 0.025080988

Similitudes para el query: 22
266 0.068905756
239 0.064270444
49 0.06342302
56 0.06319565
327 0.05491911
297 0.048201248
277 0.041967236
258 0.04153409
184 0.038827185
10 0.033866048

Similitudes para el query: 23
219 0.5452943
276 0.08750862
26 0.023428496
7 0.0037352731
318 0.0031208887
221 0.0029237047
245 0.0027515143
107 0.0026913953
173 0.0026484835
103 0.0025462313

Similitudes para el query: 24
199 0.1122195
220 0.07661847
223 0.07563051
61 0.065409854
222 0.058834177
216 0.057922617
99 0.04882382
201 0.04461211
192 0.042919625
202 0.042423163

Similitudes para el query: 25
166 0.33344197
128 0.15794156
20 0.14769995
156 0.14691375
23 0.14217024
328 0.13026014
265 0.030895406
167 0.023644064

Similitudes para el query: 26
152 0.54311055
291 0.09045571
143 0.084152475
95 0.07354031
171 0.0723088
131 0.0668036
147 0.05555781
293 0.05457015
241 0.046215836
300 0.04374837

Similitudes para el query: 27
103 0.04867333
316 0.042930473
54 0.039337367
51 0.03001763
56 0.028901463
187 0.026885582
116 0.025840633
166 0.025337022
211 0.024602372
67 0.02439934

Similitudes para el query: 28
316 0.1013242
56 0.056068607
94 0.04331668
136 0.041812222
291 0.03944943
279 0.035204247
66 0.03411663
322 0.032700155
173 0.030211253
35 0.026601844

Similitudes para el query: 29
314 0.12612206
113 0.07073178
1 0.065001145
120 0.051759582
133 0.045298368
261 0.03778983
46 0.035190046
173 0.03207187
62 0.02960908
70 0.026660344

Similitudes para el query: 32
90 0.23227859
25 0.19376175
139 0.10260703
67 0.09331392
92 0.059160434
282 0.040016897
140 0.035255067
254 0.033804104
305 0.028782131
141 0.024621151

Similitudes para el query: 34
224 0.055147678
312 0.042943746
75 0.042451736
198 0.041298185
221 0.040587787
113 0.03962776
37 0.03298659
34 0.031578217
232 0.030573849
246 0.030042674

Similitudes para el query: 36
277 0.18234287
23 0.18066686
321 0.17602442
257 0.16021053
247 0.106262326
265 0.10469658
150 0.09109126
328 0.066212706
107 0.027636671
20 0.025025852

Similitudes para el query: 37
169 0.083464876
62 0.035727877
327 0.031827964
141 0.019337367
294 0.017205432

Similitudes para el query: 38
263 0.061339542
239 0.05824318
56 0.035931394
229 0.034141757
294 0.033982225
36 0.03181362
258 0.028895084
118 0.02884581
317 0.02871139
67 0.02811044

Similitudes para el query: 40
250 0.11748919
283 0.09906764
307 0.06789415
42 0.051830146
122 0.051304646
228 0.04795526
288 0.03922971
46 0.035638787
173 0.034401696
131 0.02780088

Similitudes para el query: 41
174 0.055185013
128 0.043196414
150 0.03973952
268 0.030310601
195 0.01849361
14 0.016638365
306 0.015088732
209 0.015033007
272 0.014540333
223 0.0122112315

Similitudes para el query: 42
298 0.06918128
218 0.058490388
314 0.055406757
125 0.05060275
216 0.039597504
174 0.039464567
224 0.036799446
203 0.035825223
208 0.033804324
241 0.03174869

Similitudes para el query: 44
239 0.12315753
29 0.10576087
164 0.0621477
185 0.05722067
246 0.053370114
314 0.046000395
182 0.02829701
67 0.024434272
59 0.023831606
46 0.0221532

Similitudes para el query: 45
105 0.11458831
185 0.05712446
85 0.054590747
126 0.044106256
164 0.040529337
170 0.036769334
188 0.027196163
254 0.023551548
204 0.022528332
302 0.01743802

Similitudes para el query: 46
145 0.15788455
133 0.094170146
321 0.090478696
13 0.086618006
122 0.08369741
121 0.068604626
91 0.06439856
125 0.06273324
81 0.06251988
30 0.060601518